D0 = 1.334122e+05
D0 = -1.334122e+05

