D0 = 8.990812e+04
D0 = -8.990832e+04

D0 = 1.052357e+05
D0 = -1.052359e+05

