D0 = 1.166719e+05
D0 = -1.166719e+05

