D0 = 9.606674e+04
D0 = -9.606674e+04

