D0 = 1.053131e+05
D0 = -1.053131e+05

