a[0] = 624132882432.000000
a[1] = -43890888.000000
a[2] = 87781776.000000
a[3] = -45470928.000000
a[4] = -13.889155
a[5] = 27.778311
a[6] = -12.889155
