a[0] = 93921214464.000000
a[1] = -1652092.000000
a[2] = 7492697.000000
a[3] = -9108298.000000
a[4] = -1.347697
a[5] = 6.112183
a[6] = -5.930112
