a[0] = 624132882432.000000
a[1] = -15800721.000000
a[2] = 31601442.000000
a[3] = -17380762.000000
a[4] = -5.000096
a[5] = 10.000193
a[6] = -4.000096
