a[0] = 2.739956e+00
a[1] = -1.108569e+01
a[2] = 2.366295e+01
a[3] = -1.593799e+01
a[4] = -1.116194e+00
a[5] = 2.382571e+00
a[6] = -2.714281e-01
