a[0] = 0.971332
a[1] = -9.073616
a[2] = 18.462339
a[3] = -3.379555
a[4] = 0.024553
a[5] = 0.013750
a[6] = 0.000283
