a[0] = 2.739956
a[1] = -12.317435
a[2] = 26.292164
a[3] = -17.341038
a[4] = -1.860324
a[5] = 3.970951
a[6] = -1.119047
