a[0] = 6.241328e+11
a[1] = -4.389088e+07
a[2] = 8.778175e+07
a[3] = -4.547092e+07
a[4] = -1.388915e+01
a[5] = 2.777830e+01
a[6] = -1.288915e+01
