a[0] = 3.177704e-01
a[1] = -2.664898e+02
a[2] = 2.426366e+03
a[3] = 2.865311e+03
a[4] = 1.101314e+03
a[5] = 1.223300e+02
a[6] = -2.591775e+00
