a[0] = 10.988718
a[1] = -454.925659
a[2] = 3658.421875
a[3] = 2141.013428
a[4] = 343.509216
a[5] = 6.421133
a[6] = -1.147182
