a[0] = 2.739956
a[1] = -11.085692
a[2] = 23.662949
a[3] = -15.937989
a[4] = -1.116194
a[5] = 2.382571
a[6] = -0.271428
