a[0] = 2.739956
a[1] = -4.434277
a[2] = 8.868563
a[3] = -7.744848
a[4] = -0.669717
a[5] = 1.339434
a[6] = 0.330282
