a[0] = 9.392122e+10
a[1] = -1.486883e+06
a[2] = 6.743427e+06
a[3] = -8.258762e+06
a[4] = -8.086184e-01
a[5] = 3.667310e+00
a[6] = -3.158067e+00
