a[0] = 0.047819
a[1] = -15.556457
a[2] = 54.945202
a[3] = 25.170303
a[4] = 3.752938
a[5] = 0.161710
a[6] = -0.001329
