a[0] = 1.986065e+00
a[1] = -1.503306e+03
a[2] = 1.335522e+04
a[3] = 7.296684e+03
a[4] = 1.012208e+03
a[5] = -1.479683e+02
a[6] = -2.817678e+01
