a[0] = 2.739956e+00
a[1] = -4.434277e+00
a[2] = 8.868562e+00
a[3] = -7.744848e+00
a[4] = -6.697165e-01
a[5] = 1.339434e+00
a[6] = 3.302823e-01
