a[0] = 0.047819
a[1] = 2.232662
a[2] = -31.143652
a[3] = 25.903992
a[4] = 3.752938
a[5] = 0.161710
a[6] = -0.001329
