a[0] = 1.986064
a[1] = -312.301331
a[2] = -5533.301758
a[3] = 6134.658691
a[4] = 1012.207764
a[5] = -147.968353
a[6] = -28.176786

