a[0] = 2.739956e+00
a[1] = -1.231744e+01
a[2] = 2.629216e+01
a[3] = -1.734104e+01
a[4] = -1.860324e+00
a[5] = 3.970951e+00
a[6] = -1.119047e+00
