a[0] = 2.739956e+00
a[1] = -1.231744e+01
a[2] = 2.463487e+01
a[3] = -1.562800e+01
a[4] = -1.860324e+00
a[5] = 3.720647e+00
a[6] = -8.603236e-01
