a[0] = 0.060044
a[1] = 3.757095
a[2] = -113.861214
a[3] = 50.010540
a[4] = 5.813227
a[5] = 0.095252
a[6] = -0.006199
