a[0] = 0.298868
a[1] = -87.756172
a[2] = 302.429810
a[3] = 64.097702
a[4] = 3.449293
a[5] = -0.195602
a[6] = -0.014449
