a[0] = 2.988685e-01
a[1] = -8.775614e+01
a[2] = 3.024297e+02
a[3] = 6.409767e+01
a[4] = 3.449291e+00
a[5] = -1.956015e-01
a[6] = -1.444901e-02
