a[0] = 0.971332
a[1] = 0.010982
a[2] = -35.768547
a[3] = -3.358216
a[4] = 0.024553
a[5] = 0.013750
a[6] = 0.000283
