a[0] = 9.713323e-01
a[1] = -9.073616e+00
a[2] = 1.846234e+01
a[3] = -3.379554e+00
a[4] = 2.455291e-02
a[5] = 1.374985e-02
a[6] = 2.834800e-04
