a[0] = 0.317771
a[1] = -266.489838
a[2] = 2426.366211
a[3] = 2865.310547
a[4] = 1101.314087
a[5] = 122.330017
a[6] = -2.591776
