a[0] = 6.004381e-02
a[1] = -3.626842e+01
a[2] = 1.255538e+02
a[3] = 4.878771e+01
a[4] = 5.813226e+00
a[5] = 9.525196e-02
a[6] = -6.198682e-03
