a[0] = 6.241328e+11
a[1] = -1.580072e+07
a[2] = 3.160143e+07
a[3] = -1.738076e+07
a[4] = -5.000095e+00
a[5] = 1.000019e+01
a[6] = -4.000095e+00
