a[0] = 0.298868
a[1] = 12.307648
a[2] = -327.722595
a[3] = 66.849037
a[4] = 3.449293
a[5] = -0.195602
a[6] = -0.014449
