a[0] = 0.060044
a[1] = -36.268429
a[2] = 125.553795
a[3] = 48.787724
a[4] = 5.813227
a[5] = 0.095252
a[6] = -0.006199
