a[0] = 93921214464.000000
a[1] = -1486883.000000
a[2] = 6743428.000000
a[3] = -8258762.500000
a[4] = -0.808618
a[5] = 3.667310
a[6] = -3.158068
