a[0] = 1.098871e+01
a[1] = -4.549255e+02
a[2] = 3.658421e+03
a[3] = 2.141014e+03
a[4] = 3.435093e+02
a[5] = 6.421148e+00
a[6] = -1.147180e+00
