a[0] = 2.739956
a[1] = -12.317435
a[2] = 24.634871
a[3] = -15.627997
a[4] = -1.860324
a[5] = 3.720647
a[6] = -0.860324
