a[0] = 1.986064
a[1] = -1503.306519
a[2] = 13355.222656
a[3] = 7296.686035
a[4] = 1012.207764
a[5] = -147.968353
a[6] = -28.176786
