a[0] = 9.392122e+10
a[1] = -1.652092e+06
a[2] = 7.492697e+06
a[3] = -9.108298e+06
a[4] = -1.347697e+00
a[5] = 6.112183e+00
a[6] = -5.930112e+00
