a[0] = 4.781897e-02
a[1] = -1.555646e+01
a[2] = 5.494519e+01
a[3] = 2.517030e+01
a[4] = 3.752937e+00
a[5] = 1.617099e-01
a[6] = -1.329058e-03
