a[0] = 10.988718
a[1] = -404.290680
a[2] = 768.457886
a[3] = 1911.980225
a[4] = 343.509216
a[5] = 6.421133
a[6] = -1.147182

